A0 6 15 4
A1 9 40	6
A2 9 12	9
A3 12 15 4
A4 30 11 2
A5 45 70 1
A6 70 23 9
A7 75 23 5
A8 75 18 7
A9 90 5 6
B0 150 80 6
B1 155 50 8
B2 155 12 5
B3 220 45 7
B4 230 33 2
B5 240 11 3
B6 240 15 8
B7 258 8 1
B8 275 90 1
B9 291 120 2
C0 308 5 4
C1 325 8 9
C2 342 34 8
C3 359 35 6
C4 376 60 7
C5 392 11 8
C6 409 12 8
C7 426 15 2
C8 443 87 3
C9 460 64 2
D0 460 49 5
D1 493 15 8
D2 510 46 4
D3 527 48 6
D4 544 23 1
D5 561 10 7
D6 577 80 9
D7 611 56 3
D8 611 20 2
D9 628 11 8
E0 887 31 9
E1 890 22 4
E2 900 7 8
E3 900 18 9
E4 900 7 3
E5 920 40 2
E6 933 59 4
E7 933 40 4
E8 950 11 7
E9 955 37 3
F0 960 24 6
F1 962 4 7
F2 977 14 1
F3 980 13 1
F4 981 32 5
F5 981 12 8
F6 981 27 4
F7 981 12 5
F8 990 60 5
F9 3000 14 4
G0 3020 51 2
G1 3300 11 8
G2 3309 8 2
G3 3400 90 4
G4 3409 400 2
G5 4000 29 7
G6 4000 35 9
G7 4200 41 8
G8 4330 13 4
G9 4400 23 6
H0 4442 56 5
H1 4444 19 4
H2 4489 34 2
H3 4492 20 7
H4 4800 74 3
H5 4801 23 3
H6 4819 71 6
H7 4900 14 9
H8 4912 11 4
H9 4928 9 9
I0 5000 80 8
I1 5080 21 5
I2 5099 17 3
I3 5140 24 8
I4 5140 24 9
I5 5140 13 8
I6 5140 90 1
I7 5200 32 4
I8 5201 12 7
I9 5245 120 2
J0 6000 40 3
J1 6009 26 6
J2 6100 13 9
J3 6139 65 5
J4 6240 10 9
J5 6240 22 8
J6 6240 14 4
J7 6420 90 2
J8 6480 75 7
J9 7100 210 7
K0 7106 50 9
K1 7106 32 8
K2 7106 20 4
K3 7500 55 6
K4 7552 40 3
K5 7590 22 4
K6 7602 19 2
K7 7611 80 8
K8 7890 45 5
K9 7893 39 9
L0 7959 42 6
L1 7959 30 2
L2 8300 54 7
L3 8300 32 4
L4 8300 88 8
L5 8300 29 7
L6 8300 29 4
L7 8300 63 1
L8 8300 49 1
L9 8300 22 4
M0 8820 60 5
M1 8889 40 8
M2 8990 25 4
M3 8990 50 3
M4 8990 33 7
M5 9099 38 5
M6 9099 21 4
M7 9099 90 9
M8 9099 47 2
M9 9140 39 8
P0 9190 20 8
P1 9195 30 9
P2 9195 10 4
P3 9400 20 7
P4 9430 14 3
P5 9432 40 9
P6 9480 30 4
P7 9501 19 6
P8 9501 19 9
P9 9660 22 8
Q0 9800 30 4
Q1 9820 16 9
Q2 9853 48 3
Q3 9900 20 4
Q4 9900 30 9
Q5 9959 21 5
Q6 9962 30 7
Q7 9990 15 5
Q8 9990 18 6
Q9 9999 80 7
